((("jinke" .
   [4 0 2 1 0])
  ("clarify" .
   [1 0 0 0 0 0 0])
  ("code" .
   [1 0 0 0])
  ("confirm" .
   [2 0 0 0 0 0 0])
  ("api" .
   [1 0 0])
  ("todo" .
   [5 0 0 1])
  ("done" .
   [6 0 0 0])
  ("b" .
   [1])
  ("BCD_TYPE" .
   [0 0 0 0 0 0 0 1])
  ("pfunc" .
   [1 0 0 0 0])
  ("lcd_if_disp_s10_pump_run" .
   [2 0 0 0 0 0 0 0 0 0 0 0 0 0 0 0 0 0 0 0 0 0 0 0])
  ("sym" .
   [1 0 0])
  ("disp_func_tbl" .
   [0 0 0 0 0 1 0 0 0 0 0 0 1])
  ("symbol" .
   [2 0 0 0 0 1])
  ("UB" .
   [2 0])
  ("NO_SYMBOL" .
   [0 0 0 0 0 0 0 0 1])
  ("lcd_symbol" .
   [1 0 0 0 0 0 0 0 0 1])
  ("N" .
   [1])
  ("extern" .
   [1 0 0 0 0 0])
  ("FLOWSW_MODE" .
   [0 0 0 0 0 0 1 0 0 0 0])
  ("fls_bt_relay_ctrl_mode" .
   [0 0 0 0 0 0 0 0 0 0 0 0 0 0 0 0 0 0 0 0 0 1])
  ("improvements" .
   [0 0 0 0 0 0 0 0 0 0 0 1])
  ("Trainings" .
   [0 0 0 0 0 0 0 0 1])
  ("t" .
   [1])
  ("Unit" .
   [1 0 0 0])
  ("white" .
   [0 0 0 0 1])
  ("ANY_KEY_PRESSED" .
   [0 0 0 0 0 0 0 0 0 0 0 0 0 0 4])
  ("define" .
   [1 0 0 0 0 0])
  ("computer" .
   [1 0 0 0 1 0 0 0])
  ("msg_header" .
   [0 0 0 0 0 1 0 0 0 0])
  ("send_begin_bus_test_msg" .
   [1 0 0 0 0 0 0 0 0 0 0 0 0 0 0 0 0 0 0 0 0 0 0])
  ("void" .
   [21 0 0 0])
  ("get_dgtpro_computer" .
   [0 0 0 0 2 0 0 0 0 0 0 0 0 0 0 0 0 0 0])
  ("Retrospective" .
   [0 0 0 0 0 0 0 0 0 0 0 0 2])
  ("once" .
   [2 0 0 0])
  ("includes" .
   [0 0 0 0 0 0 0 1])
  ("printf" .
   [0 0 0 0 0 1])
  ("fopen" .
   [2 0 0 0 0])
  ("while" .
   [3 0 0 0 2])
  ("include" .
   [3 0 0 1 0 0 4])
  ("inc" .
   [10 0 0])
  ("Requirement" .
   [0 0 0 1 0 0 0 0 0 0 0])
  ("Domain" .
   [0 0 0 0 0 1])
  ("ACTIVE" .
   [0 0 0 1 0 0])
  ("INACTIVE" .
   [0 0 0 0 1 0 0 0])
  ("ptLEDRUN" .
   [2 0 1 0 0 2 0 1])
  ("dSWFN_3RD" .
   [0 0 0 0 0 0 0 1 0])
  ("dSWFN_1ST" .
   [0 0 0 0 0 0 0 1 0])
  ("dMD_SWFN" .
   [0 0 0 0 0 0 0 1])
  ("$endif" .
   [3 0 1 0 0 0])
  ("dTHIRD" .
   [0 0 1 0 0 1])
  ("opBOARD" .
   [0 0 0 1 0 0 0])
  ("7-0" .
   [2 0 0])
  ("1-0" .
   [1 0 0])
  ("FImS" .
   [0 0 0 1])
  ("d05M" .
   [0 0 0 1])
  ("d1024MV" .
   [0 0 0 0 1 0 0])
  ("d2048MV" .
   [0 0 0 0 1 0 0])
  ("0x03" .
   [2 0 0 0])
  ("opADC_REF" .
   [0 0 0 0 0 0 1 0 0])
  ("CLR" .
   [2 0 0])
  ("S" .
   [1])
  ("UH_0" .
   [1 0 0 0])
  ("UH_1" .
   [1 0 0 0])
  ("UH_2" .
   [1 0 0 0])
  ("UH_3" .
   [1 0 0 0])
  ("SET" .
   [1 0 0])
  ("DIGI_SYM_BLACK" .
   [0 0 0 0 0 0 0 0 0 0 0 0 0 1])
  ("0" .
   [1])
  ("psym" .
   [2 0 0 0])
  ("set_all_dp_off" .
   [1 0 0 0 0 0 0 0 0 0 0 0 0 0])
  ("set_all_dp_o" .
   [0 0 0 0 0 0 0 0 0 0 0 1])
  ("0x0F" .
   [1 0 0 0])
  ("dpflag" .
   [2 0 0 1 0 0])
  ("st_cfg" .
   [0 0 0 0 0 1])
  ("c" .
   [1])
  ("defined" .
   [0 0 0 0 0 0 1])
  ("flg_digi0_dp_on" .
   [0 0 0 1 1 0 0 0 0 0 0 0 0 0 0])
  ("0b10000011" .
   [2 0 0 0 0 0 0 0 0 0])
  ("Issue" .
   [0 0 0 0 1])
  ("dDEFAULT" .
   [0 0 0 1 0 0 0 0])
  ("dL1_2_H2_2" .
   [0 0 0 0 0 1 0 0 0 0])
  ("20" .
   [3 0])
  ("color-theme" .
   [0 0 0 0 0 0 0 0 0 0 1])
  ("CLR_RELAY_A01" .
   [1 0 0 0 0 0 0 0 0 0 0 0 0])
  ("SET_RELAY_A01" .
   [1 0 0 0 0 0 0 0 0 0 0 0 0])
  ("CLR_RELAY_A02" .
   [1 0 0 0 0 0 0 0 0 0 0 0 0])
  ("SET_RELAY_A02" .
   [1 0 0 0 0 0 0 0 0 0 0 0 0])
  ("A01" .
   [2 0 0])
  ("A02" .
   [2 0 0])
  ("logs" .
   [1 0 0 0])
  ("10" .
   [2 0])
  ("fixed" .
   [1 0 0 0 0])
  ("0x02" .
   [5 0 0 0])
  ("0x08" .
   [2 0 0 0])
  ("0x10" .
   [1 0 0 0])
  ("0x01" .
   [3 0 0 0])
  ("0x13" .
   [1 0 0 0])
  ("0x12" .
   [1 0 0 0])
  ("0x11" .
   [4 0 0 0])
  ("0x06" .
   [1 0 0 0])
  ("KEY_VAL13" .
   [1 0 0 0 0 0 0 0 0])
  ("command" .
   [1 0 0 0 0 0 0])
  ("ZGSC" .
   [1 0 0 0])
  ("message" .
   [1 0 0 0 0 0 0])
  ("me" .
   [1 0])
  ("XXWRIT" .
   [1 0 0 0 0 0])
  ("for" .
   [20 0 0])
  ("s" .
   [1])
  ("have" .
   [3 0 0 0])
  ("also" .
   [1 0 0 0])
  ("how" .
   [2 0 0])
  ("to" .
   [3 0])
  ("you" .
   [2 0 0])
  ("some" .
   [1 0 0 0])
  ("your" .
   [3 0 0 0])
  ("about" .
   [1 0 0 0 0])
  ("develop" .
   [0 0 0 0 2 0 0])
  ("preprocessor" .
   [0 0 0 0 0 0 0 0 0 0 0 2])
  ("How" .
   [3 0 0])
  ("take" .
   [1 0 0 0])
  ("effort" .
   [1 0 0 0 0 0])
  ("does" .
   [2 0 0 0])
  ("IOCP" .
   [1 0 0 0])
  ("the" .
   [3 0 0])
  ("mind" .
   [1 0 0 0])
  ("prepare" .
   [0 0 0 0 0 0 1])
  ("Presentation" .
   [0 0 0 0 0 0 1 0 0 0 0 0])
  ("will" .
   [1 0 0 0])
  ("knowledge" .
   [0 0 0 0 0 1 0 0 0])
  ("other" .
   [1 0 0 0 0])
  ("team" .
   [3 0 0 0])
  ("Hangzhou" .
   [0 0 1 0 0 0 0 0])
  ("and" .
   [4 0 0])
  ("preparing" .
   [0 0 0 0 1 0 0 0 0])
  ("of" .
   [3 0])
  ("learn" .
   [0 0 0 0 1])
  ("restart_notif_s" .
   [0 0 0 0 0 0 0 0 0 0 0 1 0 0 0])
  ("USAPRO" .
   [0 0 0 0 0 1])
  ("version" .
   [2 0 0 0 0 0 0])
  ("G-40-P65" .
   [1 0 0 0 0 0 0 0])
  ("DP-38-P63" .
   [1 0 0 0 0 0 0 0 0])
  ("else" .
   [20 0 0 0])
  ("endif" .
   [7 0 0 0 1])
  ("if" .
   [23 0])
  ("opPRODUCT" .
   [0 0 0 1 0 0 0 0 0])
  ("dMD_SUP" .
   [1 0 0 0 0 0 0])
  ("B-34-" .
   [1 0 0 0 0])
  ("E-37-" .
   [1 0 0 0 0])
  ("0x8" .
   [1 0 0])
  ("0x20" .
   [2 0 0 0])
  ("0x04" .
   [2 0 0 0])
  ("remove" .
   [1 0 0 0 0 0])
  ("ucProOnDlyCnt" .
   [1 0 0 0 0 0 0 2 0 0 0 0 1])
  ("PRO_ON_DLY_VAL" .
   [0 0 0 0 1 0 0 0 0 0 0 0 0 1])
  ("g_stRun" .
   [0 0 0 2 0 0 1])
  ("23" .
   [1 0])
  ("all" .
   [1 0 0])
  ("option" .
   [1 0 0 0 0 0])
  ("call" .
   [1 0 0 0])
  ("bat" .
   [1 0 0])
  ("OMU" .
   [6 0 0])
  ("Step1" .
   [0 0 1 0 0])
  ("off" .
   [1 0 0])
  ("SPEX" .
   [2 0 0 0])
  ("is" .
   [1 0])
  ("original" .
   [2 0 0 0 1 0 0 0])
  ("can" .
   [1 0 0])
  ("WOEX" .
   [1 0 0 0])
  ("U" .
   [1])
  ("RCXPROGX" .
   [0 0 0 0 0 0 1 0])
  ("not" .
   [1 0 0])
  ("from" .
   [2 0 0 0])
  ("USAPROGX" .
   [0 0 0 0 0 0 1 0])
  ("in" .
   [3 0])
  ("sent" .
   [1 0 0 0])
  ("spare" .
   [1 0 0 0 0])
  ("None" .
   [6 0 0 0])
  ("risk" .
   [1 0 0 0])
  ("forced" .
   [1 0 0 0 0 0])
  ("fls_write_flash" .
   [0 0 0 0 0 1 0 0 0 0 0 0 0 0 0])
  ("target" .
   [1 0 1 1 0 0])
  ("val" .
   [3 0 1])
  ("flag" .
   [0 0 0 1])
  ("fls_read_flash" .
   [1 0 0 0 0 0 0 1 0 0 0 0 0 0])
  ("Rev" .
   [1 0 0])
  ("return" .
   [1 0 0 1 0 4])
  ("break" .
   [2 0 0 0 0])
  ("fls_verify_write" .
   [0 0 0 0 0 0 0 1 0 0 0 0 0 0 0 0])
  ("KEY01" .
   [2 0 0 0 0])
  ("CFG_CAL_SAVE" .
   [1 0 0 0 0 0 0 0 0 0 0 0])
  ("CFG_CAL_EXIT" .
   [1 0 0 0 0 0 0 0 0 0 0 0])
  ("data" .
   [1 0 0 0])
  ("device" .
   [1 0 0 0 0 0])
  ("memory" .
   [1 0 0 0 0 0])
  ("ptLEDALA_DIR" .
   [0 0 0 0 0 0 0 0 1 0 0 0])
  ("IN" .
   [1 0])
  ("RA1" .
   [2 0 0])
  ("Pin" .
   [3 0 0])
  ("CTRL_OFF" .
   [1 0 0 0 0 0 0 0])
  ("LED_RED" .
   [0 0 0 0 0 1 0])
  ("LED_ON" .
   [2 0 0 0 0 0])
  ("RLY_OFF" .
   [1 0 0 0 0 0 0])
  ("LED_OFF" .
   [2 0 0 0 0 0 0])
  ("__DEBUG_PRO_REPAIR__" .
   [0 0 0 0 0 0 0 0 0 1 0 0 0 0 0 0 0 0 0 0])
  ("dSUPPORT" .
   [0 0 0 1 0 0 0 0])
  ("dL2_5_H_5_0" .
   [0 0 0 2 0 0 0 0 0 0 0])
  ("dL1_5_H_2_9" .
   [0 0 0 1 0 0 0 0 0 0 0])
  ("d" .
   [1])
  ("uh_pro_repair_int_tbl" .
   [0 0 0 0 0 0 1 0 0 0 0 0 0 0 0 0 0 0 0 0 0])
  ("-->" .
   [1 0 0])
  ("PROC" .
   [0 0 0 1])
  ("uiTmp" .
   [0 0 0 0 1])
  ("ptLEDALA" .
   [1 0 0 0 0 0 0 0])
  ("330" .
   [1 0 0])
  ("329" .
   [2 0 0])
  ("d3DSP" .
   [1 0 0 0 0])
  ("dMD_SWN" .
   [1 0 0 0 0 0 0])
  ("CFG_THV_L_DEC" .
   [1 0 0 0 0 0 0 0 0 0 0 0 0])
  ("SET_NULL" .
   [0 0 0 6 0 0 0 0])
  ("5000" .
   [2 0 0 0])
  ("1000" .
   [3 0 0 0])
  ("200" .
   [1 0 0])
  ("300" .
   [1 0 0])
  ("600" .
   [1 0 0])
  ("25" .
   [1 0])
  ("250" .
   [1 0 0])
  ("Redo" .
   [1 0 0 0])
  ("require" .
   [0 0 0 0 1 0 0])
  ("InitApp" .
   [0 0 0 0 0 0 1])
  ("defun" .
   [2 0 0 0 0])
  ("0b00001000" .
   [1 0 0 0 0 0 0 0 0 0])
  ("01" .
   [1 0])
  ("00" .
   [2 0])
  ("34" .
   [1 0])
  ("Ferry1503" .
   [1 0 0 0 0 0 0 0 0])
  ("submodule" .
   [0 0 0 0 0 0 0 0 1])
  ("uw_total" .
   [0 0 0 0 0 0 0 3])
  ("uh_diff" .
   [1 0 0 0 0 0 0])
  ("NUM_OF_FLW_SAMPLE" .
   [0 0 0 1 0 0 0 0 0 0 0 0 0 0 0 0 0])
  ("git" .
   [1 0 0])
  ("line" .
   [1 0 0 0])
  ("window" .
   [1 0 0 0 0 0])
  ("NCIO" .
   [1 0 0 0])
  ("fsdfsd" .
   [1 0 0 0 0 0])
  ("jinke1983" .
   [0 0 0 0 1 0 0 0 0])
  ("int" .
   [1 0 2])
  ("main" .
   [3 0 0 1])
  ("fsdffsd" .
   [0 0 0 0 0 0 1])
  ("fileµƒ“‚Àº" .
   [0 0 0 0 1 0 0])))
